INSERT INTO STAFFINSURANCE (StaffID, InsuranceID) values
(1, 1),
(1, 3),
(2, 1),
(2, 4),
(3, 2),
(3, 3),
(3, 1),
(4, 4),
(5, 2),
(6, 4),
(6, 1),
(7, 1),
(8, 4),
(8, 3),
(8, 1),
(9, 1),
(9, 2),
(9, 4),
(10, 1),
(10, 3),
(11, 1),
(12, 1),
(12, 4),
(13, 2),
(13, 3),
(13, 4),
(13, 1),
(14, 1),
(14, 2),
(14, 4),
(15, 4),
(15, 1),
(30, 3),
(30, 1),
(31, 1),
(31, 4),
(32, 1),
(32, 3),
(33, 1),
(34, 1),
(35, 1),
(36, 1),
(36, 4),
(37, 4),
(37, 1),
-- These are the new staffs that I added and this is there insurance 
(38, 1), 
(38, 2), 
(39, 1), 
(39, 3), 
(40, 1), 
(40, 4), 
(41, 1), 
(41, 2), 
(42, 1), 
(43, 1), 
(43, 4), 
(44, 1), 
(44, 4), 
(45, 1), 
(45, 2), 
(45, 4), 
(46, 1), 
(46, 4), 
(47, 1), 
(47, 2), 
(48, 1), 
(48, 3), 
(49, 1), 
(49, 3);




INSERT INTO LIFEINSURANCE (StaffID, InsuranceID, DeathBenefitAmount) values 
(3, 2, 5000.00),
(5, 2, 5000.00),
(9, 2, 5000.00),
(13, 2, 5000.00),
(14, 2, 5000.00),
(38, 2, 5000.00),
(41, 2, 5000.00),
(45, 2, 5000.00),
(47, 2, 5000.00);




INSERT INTO DISABILITYINSURANCE (StaffID, InsuranceID, DisabilityAmount, WeekNumber, MaxWeekPay) values 
(1, 3, 200.00, 4, 3),
(3, 3, 200.00, 6, 3),
(8, 3, 200.00, 2, 3),
(10, 3, 200.00, 8, 3),
(13, 3, 200.00, 5, 3),
(30, 3, 200.00, 4, 3),
(32, 3, 200.00, 6, 3),
(39, 3, 200.00, 5, 3), 
(48, 3, 200.00, 7, 3),
(49,3, 200.00, 8, 3);




INSERT INTO MEDICALINSURANCE(StaffID, InsuranceID, EmergencyRoomPay, DoctorVisitPay) values 
(1, 1, 350.00, 30.00),
(2, 1, 350.00, 30.00),
(3, 1, 350.00, 30.00),
(6, 1, 350.00, 30.00),
(7, 1, 350.00, 30.00),
(8, 1, 350.00, 30.00),
(9, 1, 350.00, 30.00),
(10, 1, 350.00, 30.00),
(11, 1, 350.00, 30.00),
(12, 1, 350.00, 30.00),
(13, 1, 350.00, 30.00),
(14, 1, 350.00, 30.00),
(15, 1, 350.00, 30.00),
(30, 1, 350.00, 30.00),
(31, 1, 350.00, 30.00),
(32, 1, 350.00, 30.00),
(33, 1, 350.00, 30.00),
(34, 1, 350.00, 30.00),
(35, 1, 350.00, 30.00),
(36, 1, 350.00, 30.00),
(37, 1, 350.00, 30.00),
(38, 1, 350.00, 30.00), 
(39, 1, 350.00, 30.00),
(40, 1, 350.00, 30.00), 
(41, 1, 350.00, 30.00), 
(42, 1, 350.00, 30.00),
(43, 1, 350.00, 30.00),
(44, 1, 350.00, 30.00),
(45, 1, 350.00, 30.00),
(46, 1, 350.00, 30.00), 
(47, 1, 350.00, 30.00),
(48, 1, 350.00, 30.00), 
(49, 1, 350.00, 30.00);





INSERT INTO DENTALINSURANCE(StaffID, InsuranceID, DentalAmount) values 
(2, 4, 250.00),
(4, 4, 250.00),
(6, 4, 250.00),
(8, 4, 250.00),
(9, 4, 250.00),
(12, 4, 250.00),
(13, 4, 250.00),
(14, 4, 250.00),
(15, 4, 250.00),
(31, 4, 250.00),
(37, 4, 250.00),
(40, 4, 250.00), 
(43, 4, 250.00),
(44, 4, 250.00),
(45, 4, 250.00), 
(46, 4, 250.00);
